$SPEC_ID:
No sample description was entered.
$SPEC_REM:
DET# 2
DETDESC# SPACESCIENCE8 digiBASE-RH SN 15121449
AP# Maestro Version 7.01
$DATE_MEA:
10/06/2023 15:31:04
$MEAS_TIM:
180 180
$DATA:
0 1023
       0
       0
       0
       0
       0
       0
       0
       0
       0
       0
       0
       0
       0
       0
      48
     343
     404
     363
     312
     304
     279
     259
     294
     265
     246
     235
     244
     234
     212
     231
     189
     205
     188
     159
     177
     151
     126
     147
     146
     140
     121
     129
     137
     123
     116
     108
      97
      87
      84
      80
      91
      89
      87
      77
      75
      73
      55
      77
      71
      64
      66
      58
      69
      59
      53
      58
      56
      50
      48
      41
      50
      32
      43
      49
      49
      32
      42
      33
      44
      31
      49
      38
      44
      37
      34
      26
      36
      39
      39
      41
      34
      34
      25
      32
      32
      30
      35
      25
      23
      28
      28
      30
      36
      26
      35
      18
      31
      28
      30
      27
      25
      32
      18
      20
      29
      31
      20
      20
      16
      17
      16
      19
      16
      14
      13
      16
      15
      14
      10
      15
      16
      16
      21
      11
      10
      15
      18
      18
       9
      19
      14
      13
      11
      14
      15
       9
      11
      12
      11
      15
      12
      12
       8
      13
       9
      12
      14
      18
      14
      11
       9
       9
      10
       7
      10
      10
      13
      11
      15
      10
      12
      10
      15
      10
      10
       6
       8
       8
      14
      15
       8
      12
      12
       4
       7
      12
       8
       7
       6
      11
      11
       7
       8
       9
      11
      12
      10
       3
       7
       7
       6
      10
       8
      10
       9
      14
       8
       9
      10
       1
       6
       8
       6
       6
       5
       7
       7
       3
       5
       5
       3
      10
       5
       8
      11
       5
       4
       8
       9
       3
       6
       1
       6
       5
       3
       5
       7
       5
       5
      10
       5
       7
       5
       9
      10
       4
       7
       5
       9
       6
      14
       9
      10
       8
       9
       5
      13
      10
      16
      13
      17
      17
      15
      11
      10
      12
      13
      16
      12
      12
       9
      16
       8
       5
      10
       8
       3
       6
       3
       3
       2
       3
       6
       3
       1
       6
       0
       1
       0
       2
       2
       3
       0
       1
       4
       3
       2
       4
       0
       1
       2
       3
       2
       4
       1
       2
       5
       1
       1
       1
       1
       2
       0
       4
       2
       5
       2
       2
       0
       5
       4
       7
       1
       7
       4
       2
       2
       3
       4
       2
       1
       4
       1
       2
       1
       0
       4
       3
       1
       0
       2
       2
       0
       1
       1
       2
       0
       0
       0
       1
       1
       1
       2
       0
       0
       0
       1
       0
       1
       0
       0
       0
       1
       0
       1
       1
       2
       3
       0
       2
       0
       3
       0
       1
       0
       0
       0
       4
       3
       1
       2
       1
       1
       0
       1
       1
       0
       0
       1
       0
       3
       0
       0
       0
       0
       0
       1
       1
       2
       1
       0
       1
       4
       2
       1
       1
       0
       0
       1
       0
       1
       1
       2
       0
       1
       1
       1
       0
       0
       0
       1
       1
       0
       1
       1
       0
       0
       0
       2
       0
       0
       0
       0
       0
       0
       0
       1
       0
       0
       3
       0
       0
       1
       1
       1
       0
       1
       2
       0
       0
       0
       0
       0
       1
       1
       2
       0
       5
       0
       1
       1
       0
       2
       1
       1
       1
       6
       2
       3
       3
       1
       2
       1
       1
       2
       2
       0
       0
       0
       0
       1
       0
       2
       0
       2
       1
       3
       1
       1
       1
       1
       0
       0
       0
       0
       2
       0
       1
       0
       0
       2
       0
       0
       0
       0
       0
       0
       0
       0
       0
       0
       0
       0
       0
       0
       0
       0
       0
       0
       0
       0
       0
       0
       0
       0
       0
       0
       0
       0
       0
       0
       0
       1
       0
       0
       0
       0
       0
       0
       0
       0
       0
       0
       0
       0
       0
       1
       0
       0
       0
       0
       0
       0
       0
       0
       0
       0
       0
       1
       1
       0
       0
       0
       0
       0
       0
       0
       0
       0
       0
       0
       0
       0
       0
       0
       0
       0
       0
       0
       0
       0
       0
       0
       0
       0
       0
       1
       0
       0
       0
       0
       0
       0
       0
       0
       0
       1
       1
       0
       0
       0
       0
       0
       0
       0
       0
       0
       0
       0
       0
       0
       0
       0
       0
       0
       0
       0
       0
       0
       0
       0
       0
       0
       0
       0
       0
       0
       0
       0
       0
       0
       0
       0
       0
       0
       0
       0
       0
       0
       0
       0
       0
       0
       0
       0
       0
       0
       0
       0
       0
       0
       0
       0
       0
       0
       0
       0
       0
       0
       0
       0
       0
       0
       0
       0
       0
       0
       0
       0
       0
       0
       0
       0
       0
       0
       0
       0
       0
       0
       0
       0
       0
       0
       0
       0
       0
       0
       0
       0
       0
       0
       0
       0
       0
       0
       0
       0
       0
       0
       0
       0
       0
       0
       0
       0
       0
       0
       0
       0
       0
       0
       0
       0
       0
       0
       0
       0
       0
       0
       0
       0
       0
       0
       0
       0
       0
       0
       0
       0
       0
       0
       0
       0
       0
       0
       0
       0
       0
       0
       0
       0
       1
       0
       0
       0
       0
       0
       0
       0
       0
       0
       1
       0
       0
       0
       0
       0
       0
       0
       0
       0
       0
       0
       0
       0
       0
       0
       0
       0
       0
       0
       0
       0
       0
       1
       0
       0
       0
       0
       0
       0
       0
       0
       0
       0
       0
       0
       0
       0
       0
       0
       0
       0
       0
       0
       0
       0
       0
       0
       0
       0
       0
       0
       0
       0
       0
       0
       0
       0
       0
       0
       0
       0
       0
       0
       0
       0
       0
       0
       0
       0
       0
       1
       0
       0
       0
       0
       0
       0
       2
       0
       0
       0
       0
       1
       0
       0
       0
       0
       0
       0
       0
       0
       0
       0
       0
       0
       0
       0
       0
       0
       0
       0
       0
       0
       0
       0
       0
       0
       0
       0
       0
       0
       0
       0
       0
       0
       0
       0
       0
       0
       0
       0
       0
       0
       0
       0
       0
       0
       0
       0
       0
       0
       0
       0
       0
       0
       0
       0
       0
       0
       0
       1
       0
       0
       0
       0
       0
       0
       0
       0
       0
       0
       0
       0
       1
       0
       0
       0
       0
       0
       0
       0
       0
       0
       0
       0
       0
       0
       0
       0
       0
       0
       0
       0
       0
       0
       0
       0
       0
       0
       0
       0
       0
       0
       0
       0
       0
       0
       0
       0
       0
       0
       0
       0
       0
       0
       0
       0
       0
       0
       0
       0
       0
       0
       0
       0
       0
       0
       0
       0
       0
       0
       0
       0
       0
       0
       0
       1
       0
       0
       0
       0
       0
       0
       0
       0
       0
       0
       0
       0
       0
       0
       0
       0
       0
       0
       0
       0
       0
       0
       0
       0
       0
       0
       0
       0
       0
       0
       0
       0
       0
       0
       0
       0
       0
       0
       0
       0
       1
       0
       0
       0
       0
       0
       1
       0
       0
       1
       0
       0
       0
       0
       0
$ROI:
0
$PRESETS:
Live Time
300000
0
$ENER_FIT:
0.000000 1.307623
$MCA_CAL:
3
0.000000E+000 1.307623E+000 0.000000E+000 keV
$SHAPE_CAL:
3
0.000000E+000 0.000000E+000 0.000000E+000
