$SPEC_ID:
No sample description was entered.
$SPEC_REM:
DET# 2
DETDESC# SPACESCIENCE8 digiBASE-RH SN 15121449
AP# Maestro Version 7.01
$DATE_MEA:
10/23/2023 16:26:53
$MEAS_TIM:
800 804
$DATA:
0 1023
       0
       0
       0
       0
       0
       0
       0
       0
       0
       0
       0
       0
       0
       0
       0
       0
       0
     460
    6134
    8708
    8437
    8042
    8754
    9430
   10391
   12063
   13744
   15857
   18483
   21778
   25004
   28335
   31484
   35368
   39015
   42229
   44651
   47324
   49398
   50427
   50891
   50327
   49961
   47927
   46026
   43399
   40105
   36764
   33115
   29138
   25819
   22865
   19273
   16477
   13997
   11354
    9425
    7699
    6175
    4956
    3909
    3197
    2603
    2086
    1691
    1373
    1185
     972
     864
     773
     657
     620
     535
     544
     480
     507
     454
     425
     411
     404
     412
     408
     403
     410
     374
     371
     364
     353
     371
     316
     333
     325
     324
     324
     340
     299
     328
     268
     295
     298
     296
     284
     327
     271
     278
     283
     274
     258
     267
     241
     274
     256
     262
     266
     281
     223
     277
     277
     223
     263
     266
     230
     211
     220
     232
     230
     217
     223
     228
     245
     252
     229
     250
     196
     233
     216
     193
     160
     193
     197
     200
     203
     222
     202
     214
     193
     183
     189
     176
     196
     166
     190
     187
     185
     191
     168
     148
     161
     157
     169
     173
     177
     203
     183
     148
     142
     171
     169
     175
     147
     172
     171
     162
     138
     164
     146
     143
     143
     142
     147
     147
     171
     158
     124
     149
     148
     151
     138
     129
     156
     152
     128
     131
     125
     122
     111
     120
     102
     135
     136
     135
      89
     132
     112
     100
     111
      95
     112
      99
     114
     119
     110
      90
      95
     110
      99
      92
     114
      95
     108
      99
      85
     106
     111
     103
     107
      96
      95
      98
      92
      96
     102
     108
      92
      95
      94
      99
      95
      83
      85
      88
      93
     108
     100
      63
     102
      81
      80
      93
      78
      79
      87
      72
      88
     102
      76
      87
      74
      82
      90
      64
      86
      86
      83
      71
      71
      75
      78
      73
      72
      75
      70
      73
      75
      76
      70
      64
      74
      70
      71
      65
      60
      75
      59
      67
      55
      62
      63
      65
      71
      60
      52
      62
      64
      68
      54
      48
      71
      56
      58
      47
      50
      51
      47
      56
      50
      48
      47
      52
      65
      50
      54
      52
      35
      57
      57
      63
      45
      44
      48
      59
      54
      32
      42
      53
      39
      36
      44
      49
      51
      38
      49
      53
      40
      49
      40
      40
      39
      36
      40
      43
      40
      58
      43
      38
      48
      41
      42
      47
      41
      43
      40
      39
      34
      33
      55
      37
      48
      61
      40
      43
      37
      33
      41
      36
      38
      35
      40
      36
      45
      40
      31
      35
      41
      37
      41
      36
      35
      37
      35
      46
      57
      51
      46
      27
      40
      42
      37
      59
      42
      29
      39
      41
      31
      45
      32
      44
      33
      40
      52
      42
      41
      16
      32
      41
      20
      31
      32
      37
      45
      34
      25
      34
      29
      36
      35
      40
      37
      36
      28
      26
      32
      37
      33
      34
      44
      36
      39
      39
      43
      38
      35
      37
      34
      40
      39
      51
      27
      35
      43
      25
      36
      27
      32
      47
      41
      22
      37
      47
      53
      34
      41
      41
      34
      38
      36
      36
      40
      47
      46
      52
      57
      31
      44
      43
      44
      48
      43
      33
      35
      48
      55
      31
      56
      43
      34
      44
      43
      55
      29
      44
      49
      55
      48
      38
      41
      49
      50
      38
      35
      40
      34
      50
      56
      41
      42
      42
      59
      33
      41
      42
      33
      36
      40
      46
      30
      41
      38
      39
      45
      36
      38
      38
      41
      51
      36
      33
      31
      34
      37
      28
      33
      41
      24
      29
      37
      34
      28
      44
      30
      29
      28
      35
      24
      33
      36
      36
      31
      34
      26
      33
      17
      27
      28
      22
      24
      30
      25
      12
      15
      28
      25
      18
      22
      22
      23
      26
      20
      20
      22
      21
      23
      19
      17
      24
      26
      16
      16
      18
      23
      16
      22
      17
      17
      19
      21
      17
      20
      10
      12
      21
      18
      13
      14
      24
      18
      14
      16
      18
      13
      29
      20
      13
      17
      19
      17
      20
      17
      16
      16
      13
      25
      11
      13
      12
      16
      15
      15
      15
      18
      15
      14
      11
       8
      16
      13
      11
       6
      20
      11
      14
      11
      18
      11
      15
       9
      10
      10
       9
      15
      17
      12
       6
      11
      13
      11
      13
      18
      16
       7
      12
      14
      13
      13
       8
      19
       9
      13
      21
      15
       9
      15
      14
      23
      15
      14
      12
      15
      13
      16
      15
      13
      11
      10
      10
      13
      12
       9
       6
      13
       8
      16
      15
      23
      18
      15
      10
      10
      13
      14
      19
       6
      17
      15
      11
      11
       6
       9
       9
      11
      15
      16
      12
      10
      20
       9
      11
       6
       6
      19
       9
      16
      14
       9
      19
      16
      10
      14
      12
      14
      13
      10
      14
      12
      20
      12
      13
      17
      22
      14
       9
       9
      10
       9
      11
      15
       8
      17
      13
      15
       8
      16
      13
      18
      12
       7
       8
      12
      12
      15
      12
      16
       8
      13
       8
       6
       5
      10
      14
      12
       5
      11
       7
       6
       8
      14
      13
      10
       6
       6
      13
       8
       7
       8
       8
       9
       8
       4
      21
       8
      11
      10
       4
       9
       9
      15
       6
      14
      12
       5
      13
      11
      15
       8
       7
      14
      10
      10
      10
      14
      13
       8
      11
       9
       4
       6
      10
       3
       9
       8
       6
       9
       4
       6
       5
       8
       6
      11
       3
       5
      11
       2
       9
      10
       7
       3
      11
       6
       6
       9
      10
       9
       6
      11
      10
       9
       9
       8
      11
      12
      11
       5
       6
      10
      10
       5
      13
      10
       5
       8
       9
      11
       9
       5
       8
       9
      15
      13
       8
      12
       7
       7
      10
      11
       8
       9
      19
       7
      11
      11
      11
       9
       7
      11
       8
       5
       7
       9
       9
       9
      11
       7
       6
      10
       9
       9
       3
      13
      10
       6
      10
       7
       7
       9
       9
       6
       7
      13
       7
       7
       9
      14
      14
       8
       9
       1
       4
      13
       7
      14
      11
      10
      10
      10
       5
       8
       9
       6
      11
      12
       5
       7
      10
      12
      14
       7
       8
       8
       6
       7
       7
       8
       9
       8
       8
       5
       6
       4
       1
       7
      10
       8
      10
       9
       8
       4
       2
       7
      10
      11
       5
       9
       8
       4
      12
       7
       4
       7
       5
       6
       6
       3
       4
       2
       5
      10
       3
       8
       7
       9
       7
       5
       6
       5
       9
       3
       5
       5
       4
      14
       6
       4
       8
       7
       9
       5
       1
       7
       2
       4
      10
       4
       8
       6
       6
       3
       5
      10
       6
       5
       4
       6
       3
       7
       0
       2
       7
       7
       2
       1
       6
       5
       3
       9
       3
       4
       6
       4
       3
      12
       6
       8
       3
       3
       4
      10
       4
       6
       2
       3
       4
       0
       2
      26
$ROI:
0
$PRESETS:
Live Time
800
0
$ENER_FIT:
0.000000 1.307623
$MCA_CAL:
3
0.000000E+000 1.307623E+000 0.000000E+000 keV
$SHAPE_CAL:
3
0.000000E+000 0.000000E+000 0.000000E+000
