$SPEC_ID:
No sample description was entered.
$SPEC_REM:
DET# 2
DETDESC# SPACESCIENCE8 digiBASE-RH SN 15121449
AP# Maestro Version 7.01
$DATE_MEA:
10/23/2023 17:53:09
$MEAS_TIM:
271 271
$DATA:
0 1023
       0
       0
       0
       0
       0
       0
       0
       0
       0
       0
       0
       0
       0
       0
       0
       0
       0
       3
      22
      69
      59
      67
      68
      70
      75
      69
      75
      82
      94
     110
      98
     112
     113
     120
     128
     153
     133
     139
     140
     173
     167
     162
     170
     173
     182
     178
     175
     164
     176
     177
     200
     188
     183
     166
     180
     170
     176
     188
     192
     161
     197
     192
     133
     168
     173
     169
     155
     163
     167
     149
     156
     148
     160
     150
     146
     129
     136
     134
     127
     140
     117
     126
     122
     124
     124
     104
     110
     121
     119
     106
     105
     102
     108
     109
     124
     115
     100
     110
      97
     103
      93
      96
      87
     100
     103
      94
     103
     103
      91
      98
     100
      94
     112
      88
     108
     104
     101
     101
     103
      91
      94
      96
      88
      85
      90
     104
      75
      79
      82
      89
      82
      88
      73
      94
      89
      61
      65
      82
      71
      81
      86
      80
      88
      72
      58
      88
      67
      77
      73
      66
      67
      65
      68
      82
      61
      60
      70
      64
      55
      57
      66
      68
      57
      75
      67
      76
      75
      61
      52
      73
      59
      59
      63
      54
      55
      58
      48
      40
      56
      48
      64
      41
      52
      54
      62
      49
      54
      58
      49
      48
      59
      68
      48
      48
      45
      51
      69
      45
      44
      41
      53
      49
      59
      53
      41
      46
      43
      49
      50
      44
      47
      46
      43
      42
      57
      40
      45
      47
      40
      39
      49
      41
      47
      44
      37
      45
      48
      36
      35
      47
      41
      39
      36
      38
      43
      46
      35
      32
      35
      41
      36
      32
      34
      41
      34
      24
      47
      35
      40
      34
      39
      42
      36
      42
      24
      32
      28
      43
      34
      30
      38
      30
      26
      31
      29
      31
      22
      34
      26
      36
      35
      21
      36
      32
      26
      30
      23
      32
      30
      27
      28
      36
      25
      27
      27
      22
      32
      17
      27
      14
      28
      32
      19
      13
      29
      26
      26
      24
      22
      21
      21
      24
      25
      21
      15
      19
      15
      27
      24
      22
      21
      20
      29
      33
      25
      20
      21
      29
      27
      22
      26
      23
      27
      24
      14
      24
      17
      21
      13
      24
      17
      22
      16
      17
      24
      28
      16
      26
      11
      18
      24
      19
      13
      17
      23
      20
      17
      15
      21
      15
      18
      17
      13
      14
      19
      15
      22
      19
      19
      22
      15
      13
      22
      15
      21
      14
      19
      19
      26
      29
      21
      13
      21
      10
      17
      14
      17
      13
      18
      32
      14
      16
      16
      18
      22
      13
      18
      14
      13
      14
      28
      17
      20
      14
      16
      22
      15
      21
      15
      14
      16
      16
      12
      20
      12
      20
      17
      10
      10
      16
      23
      14
      19
      19
      16
      16
      24
      15
      17
      13
      17
      11
      21
      15
      11
      13
      17
      16
      11
      11
      19
      16
      13
      14
      18
      14
      10
      16
      20
      16
      14
      10
      22
      21
      15
      12
      13
      16
      17
      17
      18
      16
      19
      17
      15
      15
      10
      18
      17
      10
      20
      19
      18
      16
      11
      15
      14
      14
       8
      16
      15
      16
      10
      13
      19
      16
      10
      13
      16
      15
      28
      14
       9
      21
      14
      17
      21
      17
      20
      15
      15
      11
      13
       7
      14
      12
       8
      15
      16
       7
      20
      12
      11
      10
      13
      10
      13
      14
      18
      11
       5
      10
      15
      17
      11
      14
      13
       9
      13
      15
      12
      12
      11
      12
      12
       6
      12
       8
      13
       7
       3
       9
       9
      13
      14
      11
      13
       8
      10
       9
       8
      11
       7
      11
      10
      11
       9
      10
      14
      13
      16
       7
       6
       9
      10
      10
       7
       9
       6
      12
      10
       7
       7
       9
      12
       6
       7
       9
       6
       8
      10
       8
      13
       2
      11
       8
       8
       7
       8
      11
       5
       7
       4
       8
      14
       8
       6
       9
       8
       7
       7
       4
       2
       7
       7
       8
       3
       4
       6
       8
       6
       8
       6
       1
       6
       7
       4
       9
       5
      10
       7
       2
       4
       4
       8
       5
       7
       8
       7
       7
       4
       6
       6
       4
       9
       5
       1
       7
       6
       5
       4
       6
       6
       8
       6
       9
      11
       7
      12
       9
       7
       3
      14
       7
       4
       9
       5
       7
      10
       9
      12
       4
       5
       6
       9
      11
       5
      11
       9
       3
       5
       9
       5
       5
       5
       4
       6
       2
       5
      13
       8
      11
       3
       4
       7
       8
      10
       7
       1
       7
      11
       8
       5
       7
       5
       1
       8
       9
      13
       8
       6
       5
       7
       4
       3
       9
       4
      13
       2
      10
       7
       7
      11
      13
       6
       3
       7
       6
       7
       7
       7
      10
       7
       3
       5
       6
       6
       6
       6
       5
       9
       5
       9
       7
       9
       5
      11
       9
       6
       5
       4
       3
       8
       6
       9
       4
      11
       3
       2
       7
       2
       3
       4
       5
       5
       5
       2
       3
       5
       4
       4
       7
       5
       3
       7
       5
       6
       6
       7
       3
       0
       5
       7
       2
       2
       4
       4
       5
       4
       4
       5
       2
       5
       5
       6
       4
       4
       4
       6
       6
       5
       3
       6
       2
       2
      10
       4
       6
       3
       3
       7
       0
       6
       8
       2
       4
       4
       7
       3
       4
       3
       3
       5
       2
       4
       4
       2
       5
       5
       7
       5
       9
       3
       4
       7
       5
       0
      10
       3
       6
       2
       2
       4
       4
       2
       3
       5
       7
       4
       4
       5
       6
       4
       6
       1
       4
       5
       2
       6
       3
      10
       5
       4
      12
       6
       3
       4
       9
       3
      11
       7
       8
       6
       9
      15
       9
      10
       7
       8
       8
       7
       8
       3
       7
       7
       7
      13
      14
      17
      17
      13
      10
      12
      12
      11
      15
      16
      13
      19
      10
      10
      10
      12
      14
      12
      14
      12
      15
      13
      16
      12
      12
      13
      11
      17
      18
      23
      16
      22
      19
      15
      12
      13
      19
      14
      17
      15
      24
      12
      17
       9
      14
       9
      21
      15
      21
      15
      16
      13
      11
      14
      18
      21
       9
      13
      16
      14
      15
      18
      20
      10
      17
      14
      17
      12
      15
      14
      18
      11
      11
      11
      16
      11
      14
      10
      11
      10
      12
       2
       6
       9
       8
       7
      10
       9
      10
      13
       3
       9
      11
       9
      10
       9
      10
       7
       7
       6
       9
       5
       9
       7
       7
      13
      10
       8
       9
       8
       8
       9
      11
       7
      12
      11
      10
      11
       9
       7
       7
       8
      12
       8
       5
      10
       9
      12
       8
      10
       6
       6
      10
      13
      19
      12
      16
      13
       9
      12
      13
      18
      16
      13
      11
      17
      10
      12
      13
      11
       9
      12
      14
      11
      12
      11
      63
$ROI:
0
$PRESETS:
Live Time
500
0
$ENER_FIT:
0.000000 1.307623
$MCA_CAL:
3
0.000000E+000 1.307623E+000 0.000000E+000 keV
$SHAPE_CAL:
3
0.000000E+000 0.000000E+000 0.000000E+000
