$SPEC_ID:
No sample description was entered.
$SPEC_REM:
DET# 2
DETDESC# SPACESCIENCE8 digiBASE-RH SN 15121449
AP# Maestro Version 7.01
$DATE_MEA:
10/23/2023 15:23:32
$MEAS_TIM:
200 201
$DATA:
0 1023
       0
       0
       0
       0
       0
       0
       0
       0
       0
       0
       0
       0
       0
       0
       0
       0
       0
      58
     784
    1298
    1341
    1351
    1349
    1273
    1197
    1103
    1022
     891
     806
     663
     583
     521
     473
     437
     411
     376
     363
     333
     368
     344
     303
     295
     289
     313
     299
     346
     312
     351
     365
     330
     354
     378
     366
     340
     387
     349
     390
     356
     387
     365
     395
     384
     381
     395
     410
     438
     376
     379
     388
     386
     414
     387
     383
     445
     385
     384
     375
     363
     366
     367
     368
     380
     366
     354
     382
     362
     364
     360
     396
     375
     401
     387
     394
     373
     381
     352
     363
     379
     405
     393
     386
     375
     363
     406
     420
     364
     416
     395
     361
     387
     386
     371
     401
     358
     338
     370
     367
     396
     403
     396
     410
     378
     350
     370
     402
     391
     399
     370
     402
     420
     399
     407
     439
     422
     401
     418
     432
     464
     427
     402
     441
     431
     476
     478
     430
     466
     445
     444
     471
     470
     471
     438
     457
     471
     471
     473
     455
     482
     491
     470
     434
     449
     464
     396
     464
     419
     431
     425
     437
     439
     438
     430
     389
     433
     409
     390
     424
     455
     398
     384
     385
     424
     401
     388
     407
     413
     383
     369
     358
     412
     381
     333
     355
     343
     381
     331
     395
     365
     339
     356
     380
     339
     342
     332
     361
     345
     344
     321
     333
     303
     336
     318
     337
     320
     312
     296
     302
     337
     325
     301
     303
     318
     306
     309
     271
     289
     313
     267
     276
     271
     271
     278
     260
     279
     265
     268
     246
     292
     275
     262
     265
     274
     244
     236
     247
     212
     261
     274
     244
     262
     229
     252
     245
     242
     232
     207
     225
     207
     242
     244
     247
     217
     203
     217
     239
     250
     210
     226
     213
     190
     222
     212
     203
     199
     212
     212
     201
     196
     172
     181
     222
     204
     186
     196
     181
     200
     170
     189
     194
     190
     199
     198
     209
     164
     189
     171
     181
     194
     193
     175
     180
     154
     170
     173
     163
     162
     190
     179
     170
     160
     174
     198
     178
     174
     184
     180
     165
     154
     190
     166
     175
     169
     171
     144
     172
     178
     156
     161
     139
     163
     158
     140
     169
     147
     166
     152
     156
     162
     162
     158
     144
     155
     155
     129
     125
     147
     140
     144
     137
     149
     133
     150
     123
     151
     163
     129
     151
     137
     139
     120
     125
     128
     110
      99
     107
     135
     130
     109
     128
     106
     113
     100
     101
     112
     124
     108
     107
     101
     124
      93
      97
     108
     108
      99
      92
      79
      96
      78
      90
      90
      91
      73
      82
      77
      77
      82
      81
      76
      69
      58
      65
      77
      60
      69
      64
      45
      73
      59
      66
      56
      55
      56
      55
      66
      57
      56
      47
      55
      47
      69
      63
      65
      46
      51
      52
      49
      57
      50
      58
      56
      54
      47
      56
      61
      54
      53
      59
      53
      64
      63
      67
      68
      76
      77
      77
      82
      79
     102
      86
     102
      92
      94
     123
     140
     132
     106
     131
     143
     145
     172
     185
     148
     182
     213
     239
     238
     219
     238
     276
     300
     280
     360
     348
     344
     454
     426
     409
     452
     472
     562
     546
     578
     619
     665
     695
     707
     760
     811
     867
     838
     893
     963
     989
    1026
    1102
    1078
    1190
    1160
    1216
    1261
    1372
    1287
    1409
    1350
    1444
    1447
    1581
    1560
    1585
    1641
    1626
    1696
    1759
    1741
    1855
    1765
    1719
    1797
    1840
    1814
    1801
    1857
    1785
    1734
    1783
    1706
    1733
    1775
    1694
    1762
    1732
    1735
    1642
    1637
    1620
    1601
    1519
    1505
    1447
    1468
    1429
    1366
    1322
    1346
    1255
    1224
    1238
    1182
    1147
    1048
    1067
    1006
     939
     901
     836
     859
     784
     819
     705
     715
     649
     625
     565
     569
     533
     493
     444
     451
     404
     379
     354
     322
     329
     294
     268
     248
     234
     230
     207
     202
     192
     155
     138
     133
     144
     107
     116
     114
      83
      86
      81
      62
      57
      54
      54
      61
      56
      56
      36
      28
      37
      29
      33
      21
      23
      24
      16
      19
      18
      14
      13
      13
      15
       9
       9
      15
      11
      10
       7
       7
       9
       7
       2
       7
       7
       3
       7
       5
       8
       5
       5
       8
       4
       3
       8
       4
       3
       4
       4
       1
       2
       3
       5
       2
       3
       3
       2
       3
       3
       6
       2
       7
       5
       2
      10
       2
       4
       6
       2
       7
       3
       7
       4
       5
       6
       4
       4
       5
       0
       2
       3
       5
       2
       2
       3
       4
       6
       3
       4
       5
       2
       1
       3
       3
       5
       1
       8
       2
       3
       5
       4
       4
       2
       3
       1
       4
       6
       6
       1
       3
       3
       5
       5
       2
       2
       1
       4
       6
       4
       7
       5
       1
       4
       1
       4
       3
       5
       8
       6
       1
       1
       5
       5
       3
       6
       1
       4
       2
       3
       5
       3
       1
       4
       9
       9
       4
       4
       6
       6
       3
       3
       6
       6
       5
       1
       3
       2
       4
       5
       5
       5
       4
       1
       3
       2
       3
       3
       3
       3
       2
       2
       4
       5
       4
       5
       5
       2
       1
       3
       1
       8
       2
       1
       0
       4
       1
       1
       2
       1
       3
       2
       4
       0
       3
       3
       2
       4
       2
       4
       2
       5
       3
       2
       3
       2
       4
       2
       3
       2
       3
       2
       4
       3
       2
       1
       4
       3
       3
       3
       1
       2
       1
       5
       2
       3
       1
       2
       6
       0
       3
       0
       3
       4
       4
       4
       1
       3
       1
       3
       0
       1
       0
       1
       1
       1
       5
       1
       2
       0
       2
       3
       2
       1
       2
       3
       1
       1
       1
       1
       1
       3
       0
       1
       4
       3
       4
       0
       0
       1
       5
       6
       3
       5
       4
       1
       3
       4
       1
       1
       3
       1
       2
       2
       0
       4
       3
       4
       2
       4
       0
       2
       2
       2
       6
       2
       4
       2
       2
       0
       2
       1
       2
       2
       2
       1
       2
       4
       1
       3
       0
       0
       3
       3
       1
       2
       2
       3
       2
       4
       1
       2
       2
       2
       3
       1
       2
       3
       1
       4
       2
       2
       5
       4
       0
       5
       1
       1
       3
       1
       0
       3
       1
       1
       2
       2
       2
       3
       4
       1
       2
       0
       3
       4
       3
       3
       0
       1
       1
       1
       1
       2
       3
       2
       2
       3
       0
       5
       4
       1
       2
       2
       1
       1
       4
       2
       0
       0
       2
       1
       1
       2
       0
       2
       1
       0
       1
       2
       0
       1
       0
       1
       1
       1
       0
       2
       0
       0
       2
       1
       1
       0
       5
       3
       2
       0
       1
       1
       1
       0
       1
       0
       1
       0
       2
       1
       2
       2
       3
       1
       2
       2
       2
       0
       1
       2
       1
       1
       2
       1
       3
       0
       3
       8
       7
$ROI:
0
$PRESETS:
Live Time
200
0
$ENER_FIT:
0.000000 1.307623
$MCA_CAL:
3
0.000000E+000 1.307623E+000 0.000000E+000 keV
$SHAPE_CAL:
3
0.000000E+000 0.000000E+000 0.000000E+000
