$SPEC_ID:
No sample description was entered.
$SPEC_REM:
DET# 2
DETDESC# SPACESCIENCE8 digiBASE-RH SN 15121449
AP# Maestro Version 7.01
$DATE_MEA:
10/23/2023 16:08:32
$MEAS_TIM:
400 400
$DATA:
0 1023
       0
       0
       0
       0
       0
       0
       0
       0
       0
       0
       0
       0
       0
       0
       0
       0
       0
     267
    3865
    6035
    5963
    6009
    5512
    5102
    4703
    4035
    3448
    2922
    2542
    2098
    1707
    1528
    1178
    1095
     996
     942
     919
     838
     860
     838
     915
     918
     975
    1031
    1080
    1090
    1200
    1189
    1338
    1296
    1417
    1470
    1552
    1575
    1557
    1625
    1701
    1628
    1710
    1600
    1677
    1542
    1545
    1452
    1367
    1310
    1274
    1225
    1092
     961
     930
     860
     832
     705
     732
     637
     566
     546
     503
     469
     451
     434
     436
     375
     413
     361
     348
     382
     348
     360
     369
     341
     342
     324
     346
     334
     362
     348
     378
     313
     339
     370
     349
     387
     332
     382
     362
     362
     382
     379
     385
     374
     381
     395
     417
     368
     400
     390
     409
     400
     423
     376
     399
     398
     368
     354
     371
     345
     405
     333
     373
     352
     364
     364
     378
     344
     363
     367
     352
     309
     309
     335
     322
     338
     311
     369
     322
     362
     315
     287
     278
     290
     286
     274
     279
     292
     299
     299
     320
     295
     272
     279
     269
     300
     291
     281
     258
     279
     285
     263
     234
     243
     265
     277
     243
     255
     226
     257
     253
     247
     217
     214
     240
     242
     231
     231
     220
     236
     266
     248
     264
     271
     258
     264
     258
     262
     263
     286
     283
     271
     277
     280
     261
     293
     279
     334
     321
     326
     338
     336
     365
     344
     367
     352
     408
     407
     402
     399
     362
     413
     423
     414
     403
     429
     434
     429
     404
     383
     391
     419
     419
     430
     438
     455
     429
     437
     439
     460
     438
     453
     439
     449
     482
     480
     490
     447
     467
     515
     513
     496
     515
     500
     546
     593
     572
     633
     607
     672
     682
     654
     654
     692
     639
     696
     685
     696
     766
     773
     751
     817
     761
     779
     813
     819
     827
     789
     765
     794
     779
     750
     786
     761
     724
     737
     720
     686
     701
     692
     685
     644
     626
     568
     600
     562
     517
     500
     535
     460
     427
     459
     421
     384
     392
     376
     342
     310
     321
     284
     255
     246
     219
     218
     214
     186
     182
     141
     141
     132
     140
     118
     112
     110
     102
      96
      80
      81
      81
      63
      74
      77
      55
      50
      55
      47
      48
      47
      38
      40
      24
      46
      52
      31
      31
      33
      26
      32
      32
      17
      25
      29
      27
      18
      25
      25
      20
      25
      23
      23
      17
      19
      17
      14
      25
      23
      17
      14
      19
      24
      23
      23
      18
      18
      21
      13
      19
      21
      21
      18
      17
      18
      21
      11
      13
      17
      12
      19
      19
      17
      11
      19
      14
      23
      15
      17
      14
      18
      11
      16
      19
      14
      13
      17
      19
      14
      12
      22
      24
      15
      11
      11
      15
      18
      17
      20
      20
      21
      12
      18
      12
      12
      21
      21
      20
      19
       9
      17
       9
      19
      10
      14
      24
      17
       7
      15
      20
      19
      16
      12
      17
      11
      25
      16
      19
      18
      12
      15
      15
      10
      12
      24
      20
      19
      10
      13
      12
      14
      22
      16
      18
      17
      20
      21
      14
      13
      15
      12
      16
      16
      17
      16
      26
       8
      14
      18
      23
      20
      13
      14
      13
      17
      22
      17
      16
      17
      19
      16
      18
      22
      19
      13
      19
      11
      18
       9
      11
      21
      21
       9
      16
      12
      14
      21
      11
       9
      13
       5
      10
      11
       7
      14
      13
      12
      17
      10
       7
       6
       8
      11
      17
      15
      10
       7
       8
      17
      18
       7
      12
      10
      11
      11
      14
      13
      15
      10
       8
       6
      13
      11
       7
      13
       8
      18
       7
      10
       5
      10
      12
      16
      12
       8
      14
       7
       6
       9
       9
       4
       8
       5
       8
      14
       7
       6
      13
       8
       9
      11
       8
       9
      11
       7
       5
       4
      12
       5
       7
       9
       6
       6
       4
       4
       7
      13
      10
       4
       5
       9
       9
      13
       6
       2
      12
       8
       9
       6
       5
       3
       3
       9
       4
       6
       8
      12
      10
       4
       9
       6
      12
       7
       5
       4
       8
       5
       7
       5
      11
       4
       4
       8
       4
       4
       7
      12
      13
       4
       5
       6
       9
       4
       7
       7
       3
       5
       9
       9
       7
       6
       6
       6
       7
       2
       6
       5
      11
       6
       6
       4
       9
       3
       4
       2
       6
       2
       5
       7
      10
       8
       5
       7
       7
       7
       3
       9
       5
       5
       3
       7
       2
       7
       9
       4
       7
       7
       4
       6
       2
       8
       9
       7
       6
       8
       6
       5
       7
       8
       7
       6
       4
       5
       3
       5
       3
       7
      11
       5
       5
       8
       7
       4
       6
      11
       5
       7
       7
       4
       3
       5
       2
       3
       2
       7
       9
      11
       2
       1
       5
       9
      15
       5
       6
       3
      11
       5
       4
      10
       8
       8
       9
       8
       5
       7
       6
       5
       9
       7
       7
       7
       2
       8
       8
       6
      11
       3
       7
       5
       7
       9
       8
       4
       8
       8
       6
       3
       8
       4
       7
       6
       2
       7
       7
       3
       7
      13
       3
       8
       9
       8
       8
       5
       8
       4
       9
       3
       6
       5
       7
       3
       6
       5
       3
       1
      10
       6
       7
       4
       3
       3
       5
       6
       3
       9
       1
       3
       4
       2
       5
       5
       8
       4
       5
       1
       4
       7
       6
       3
       8
       4
       3
       3
       1
       3
       3
       3
       5
       7
       3
       0
       3
       4
       3
       5
       6
       7
       5
       5
       4
       3
       4
       6
       4
       4
       2
       5
       8
       6
       2
       7
       6
       8
       4
       3
       3
       6
       4
       1
       7
       2
       8
       6
       5
       5
       7
       8
       8
       3
       7
       4
       2
       2
       2
       4
       3
       3
       4
       5
       4
       9
       3
       2
       4
       3
       2
       4
       9
       6
       5
       2
       5
       4
       4
       9
       7
       1
       7
       8
       2
       7
       7
       3
       1
       5
       2
       4
       6
       9
       2
       2
       5
       2
       2
       2
       5
       5
       3
       3
       5
       5
       3
       4
       3
       8
       7
       8
       7
       5
       3
       3
       4
       3
       6
       4
       3
       3
       3
       4
       3
       5
       4
       6
       2
       0
       2
       6
       8
       3
       4
       4
       3
       2
       5
       1
       3
       3
       6
       2
       4
       7
       3
       3
       3
       1
       2
       5
       4
       0
       2
       4
       4
       3
       2
       4
       2
       4
       3
       6
       3
       2
       4
       2
       2
       3
       4
       3
       1
       3
       3
       2
       2
       5
       1
       2
       2
       2
       2
       2
       2
       2
       2
       6
       2
       7
       6
       3
       3
       4
       4
       4
       3
       2
       4
       3
       2
       3
       2
       8
       2
       3
       1
       3
       6
       2
       6
       3
       5
       4
       2
       3
       2
       3
       4
       0
       2
       4
       1
       9
$ROI:
0
$PRESETS:
Live Time
400
0
$ENER_FIT:
0.000000 1.307623
$MCA_CAL:
3
0.000000E+000 1.307623E+000 0.000000E+000 keV
$SHAPE_CAL:
3
0.000000E+000 0.000000E+000 0.000000E+000
