$SPEC_ID:
No sample description was entered.
$SPEC_REM:
DET# 1
DETDESC# SPACESCIENCE4 digiBASE-RH SN 15121435
AP# Maestro Version 7.01
$DATE_MEA:
09/29/2023 15:19:26
$MEAS_TIM:
330 330
$DATA:
0 1023
       0
       0
       0
       0
       0
       0
       0
       0
       0
       0
       3
     262
     835
    1450
    2136
    2933
    3596
    4068
    3975
    3673
    3049
    2329
    1633
    1076
     793
     597
     451
     433
     420
     436
     446
     462
     494
     508
     566
     548
     627
     707
     735
     899
     985
    1096
    1218
    1265
    1327
    1340
    1307
    1232
    1138
     963
     896
     794
     722
     579
     524
     491
     425
     433
     421
     393
     381
     361
     365
     397
     355
     361
     343
     331
     384
     403
     374
     383
     375
     377
     331
     419
     415
     350
     409
     416
     423
     405
     402
     407
     391
     423
     374
     414
     364
     366
     371
     348
     392
     360
     324
     311
     347
     326
     322
     333
     327
     317
     320
     274
     277
     246
     261
     262
     245
     258
     273
     252
     242
     223
     261
     244
     236
     237
     224
     243
     201
     192
     187
     190
     224
     191
     189
     195
     205
     201
     211
     187
     211
     226
     238
     230
     224
     213
     241
     256
     249
     251
     277
     281
     266
     274
     317
     297
     273
     309
     291
     288
     312
     328
     284
     285
     307
     326
     321
     266
     320
     294
     328
     322
     383
     348
     388
     378
     411
     409
     378
     416
     409
     470
     414
     473
     413
     479
     494
     464
     513
     487
     470
     474
     454
     501
     445
     462
     440
     380
     413
     416
     394
     311
     322
     293
     308
     266
     247
     259
     180
     223
     181
     175
     162
     166
     155
     171
     133
      98
     108
     102
      87
      93
      80
      87
      81
      71
      59
      50
      48
      57
      39
      44
      46
      42
      37
      36
      29
      36
      32
      24
      33
      43
      24
      37
      26
      30
      21
      18
      29
      19
      18
      20
      23
      17
      22
      13
      16
      23
      19
      11
      17
      13
      15
      16
      15
      12
       6
      18
      18
      12
      11
      14
      18
       9
      12
      16
      10
      11
      15
       8
       5
      11
       8
      19
       9
      12
       9
       9
      10
      10
      11
      10
      14
       5
       7
      11
      10
       5
      10
       6
      12
      12
      15
      12
       9
       7
      10
      10
       8
       9
       8
      14
      10
      10
       7
      11
       7
       8
       8
       6
       7
      13
       3
       9
       5
       8
       5
       9
       4
       8
       8
       4
      11
       4
       4
      12
      10
      10
       4
       7
       4
       3
       7
      10
       4
       7
      10
       8
       8
       5
       6
       8
      13
       9
      11
       7
       5
       3
       9
      14
       5
       5
       2
       8
       2
       8
       3
       9
       4
       4
       4
       4
       3
       3
       3
       9
       4
       9
       4
       6
       5
       4
       6
       6
       6
       6
       6
       6
       4
       4
       6
       2
       3
       7
       5
       3
       4
       3
       4
       4
       5
       4
       5
       3
       2
       4
       3
       7
       5
       1
       4
       3
       8
       4
       7
       4
       5
       3
       3
       5
       3
       4
       6
       5
       3
       2
       4
       5
       4
       5
       2
       6
       6
       7
       5
       3
       8
       3
       5
       4
      10
       9
       2
       3
       1
       4
       3
       5
       3
       7
       5
       4
       5
       4
       2
       2
       4
       2
       4
       6
       2
       3
       5
       4
       2
       5
       4
       6
       5
       4
       8
       4
       3
       3
       3
       5
       3
       5
       4
       3
       6
       3
       5
       5
       3
       3
       3
       1
       3
       4
       6
       4
       5
       4
       5
       2
       4
       6
       3
       2
       1
       4
       5
       6
       5
       5
       4
       3
       4
       5
       6
       6
       2
       4
       4
       2
       2
       4
       5
       3
       3
       8
       5
       3
       1
       0
       7
       5
       5
       5
       5
       6
       6
       1
       2
       4
       1
       0
       6
       4
       6
       1
       5
       3
       3
       1
       4
       3
       4
       1
       4
       2
       2
       2
       5
       1
       4
       5
       4
       3
       1
       4
       3
       2
       3
       5
       3
       5
       3
       4
       4
       5
       5
       2
       3
       2
       2
       2
       1
       1
       3
       4
       3
       5
       3
       1
       0
       2
       2
       1
       3
       3
       3
       3
       2
       1
       6
       3
       1
       4
       2
       1
       3
       3
       1
       1
       2
       1
       1
       3
       0
       1
       2
       1
       0
       2
       2
       0
       2
       0
       1
       2
       3
       1
       3
       1
       2
       0
       0
       2
       1
       0
       1
       0
       1
       2
       1
       4
       1
       4
       1
       4
       2
       0
       1
       5
       1
       0
       1
       0
       1
       2
       1
       3
       1
       1
       4
       0
       2
       4
       1
       0
       0
       1
       3
       3
       5
       4
       1
       1
       2
       1
       3
       5
       4
       0
       2
       2
       1
       3
       3
       3
       1
       3
       4
       1
       3
       1
       3
       5
       4
       0
       5
       4
       4
       4
       1
       1
       2
       4
       2
       2
       2
       3
       4
       1
       2
       1
       2
       2
       3
       2
       5
       3
       3
       1
       1
       1
       4
       1
       2
       3
       5
       3
       3
       4
       3
       2
       4
       3
       1
       1
       1
       1
       3
       7
       3
       6
       4
       2
       3
       2
       4
       5
       1
       3
       3
       2
       2
       1
       0
       2
       1
       2
       1
       3
       3
       1
       0
       2
       1
       4
       1
       0
       0
       3
       2
       0
       1
       1
       0
       3
       1
       4
       5
       3
       1
       1
       1
       1
       3
       1
       0
       4
       0
       2
       0
       0
       0
       2
       0
       1
       1
       1
       1
       3
       2
       1
       1
       0
       0
       3
       1
       1
       2
       0
       1
       1
       1
       0
       0
       0
       1
       1
       5
       1
       1
       2
       0
       0
       0
       0
       1
       0
       0
       2
       1
       2
       2
       2
       0
       1
       1
       1
       1
       0
       1
       0
       1
       0
       3
       0
       1
       1
       2
       1
       2
       0
       1
       2
       1
       3
       0
       1
       0
       0
       1
       1
       1
       2
       0
       0
       0
       0
       0
       0
       0
       1
       1
       0
       1
       0
       1
       1
       2
       0
       0
       1
       1
       1
       1
       0
       0
       1
       1
       1
       1
       1
       0
       1
       0
       2
       0
       0
       1
       1
       0
       0
       0
       0
       0
       0
       0
       0
       0
       0
       1
       1
       0
       1
       1
       1
       0
       0
       0
       1
       1
       1
       0
       0
       0
       1
       0
       2
       0
       0
       0
       0
       0
       1
       4
       0
       0
       0
       0
       0
       0
       2
       1
       0
       0
       1
       0
       0
       1
       0
       0
       0
       1
       0
       0
       1
       0
       0
       0
       1
       0
       0
       0
       0
       1
       0
       0
       1
       2
       0
       1
       0
       2
       0
       0
       1
       1
       0
       1
       0
       0
       0
       2
       0
       1
       0
       2
       0
       0
       0
       0
       1
       0
       1
       0
       1
       0
       0
       0
       1
       1
       0
       0
       1
       0
       0
       0
       0
       0
       0
       1
       0
       0
       0
       0
       1
       0
       0
       0
       0
       1
       1
       0
       1
       2
       0
       0
       1
       0
       0
       1
       1
       1
       0
       0
       0
$ROI:
0
$PRESETS:
Real Time
3000
0
$ENER_FIT:
6.671595 2.068362
$MCA_CAL:
3
6.671595E+000 2.068362E+000 0.000000E+000 keV
$SHAPE_CAL:
3
0.000000E+000 0.000000E+000 0.000000E+000
