$SPEC_ID:
No sample description was entered.
$SPEC_REM:
DET# 1
DETDESC# SPACESCIENCE4 digiBASE-RH SN 15121435
AP# Maestro Version 7.01
$DATE_MEA:
09/29/2023 15:46:02
$MEAS_TIM:
331 331
$DATA:
0 1023
       0
       0
       0
       0
       0
       0
       0
       0
       0
       0
       0
      40
     115
     131
     154
     109
     106
      95
      86
      81
      82
      91
     110
      98
     116
     143
     114
     154
     168
     170
     164
     198
     196
     234
     236
     240
     222
     237
     258
     224
     243
     219
     242
     251
     263
     238
     246
     234
     242
     241
     203
     225
     232
     255
     228
     207
     222
     202
     210
     217
     185
     217
     202
     206
     190
     175
     175
     180
     157
     187
     167
     172
     148
     182
     161
     150
     144
     176
     135
     122
     143
     136
     132
     118
     132
     131
     110
     122
     114
     103
     121
     127
     122
     116
     115
      84
     111
     100
      93
      90
      90
     101
      78
     102
      94
      85
      94
      71
      78
      69
      64
      81
      61
      76
      80
      85
      59
      66
      72
      71
      44
      64
      52
      58
      59
      50
      62
      53
      43
      52
      48
      48
      49
      47
      57
      56
      51
      40
      32
      45
      40
      58
      41
      46
      37
      40
      60
      46
      31
      34
      46
      39
      34
      32
      35
      35
      25
      35
      45
      36
      22
      25
      28
      34
      24
      30
      27
      30
      34
      26
      22
      28
      33
      26
      12
      23
      26
      24
      24
      22
      21
      17
      25
      13
      20
      22
      25
      26
      18
      26
      17
      20
      19
      18
      24
      28
      14
      10
      25
      15
      18
      24
      20
      24
      12
      15
      14
      12
      13
      17
       8
      14
      16
      16
      12
      13
      15
      16
      13
      16
      13
      18
      17
      14
      20
      16
      15
      15
      14
      21
      12
       7
      14
      11
      15
      12
      17
      15
      18
      10
      18
      14
      11
      11
       8
      10
      17
      14
      14
      14
      11
       9
      10
      23
      12
       8
      11
      16
      12
      11
      18
      11
      10
      16
       9
      12
      16
       9
       6
       8
      12
      11
      12
      12
       4
      14
      12
      10
      12
       9
      10
      10
      11
       7
      10
       6
       7
       7
       7
       8
      11
       6
       9
       3
      11
       3
       6
       8
      11
      13
       6
       2
      17
      10
       8
      10
      10
       8
       4
       6
       4
       4
       3
       9
       5
       4
       9
       5
       6
      10
       8
       7
       6
       5
       3
       4
       8
       6
       5
       2
       6
       8
      10
       8
       9
       5
       6
       4
       7
       5
       5
       5
       7
       5
       4
       9
       8
       6
       9
       2
       4
       8
       7
       5
       5
       5
       3
       6
       5
       5
       8
       5
       3
       7
       3
       4
       5
       6
       3
       8
       7
       2
       4
       4
      10
       7
       8
      10
       7
       6
       9
       4
       6
       4
       8
       6
       4
       6
       4
       8
       5
       3
       2
       5
       4
       2
       3
       1
       5
       4
       3
       3
       4
       8
       4
       6
       3
       6
       6
       3
       4
       5
       8
       4
       3
       7
       6
       9
       4
       5
       5
       4
       3
       1
       7
       2
       4
       3
       7
       2
       7
       6
       4
       3
       4
       7
       5
       3
       3
       6
       8
       3
       4
       1
       9
      10
       6
       7
       3
       3
       3
       4
       1
       7
       4
       1
       4
       2
       6
       5
       3
       7
       2
       8
       0
       5
       3
       1
       7
       7
       2
       5
       7
       2
       4
       7
       3
       5
       3
       5
       4
       3
       9
       3
       5
       4
       3
       4
       4
       3
       4
       2
       5
       3
       2
       3
       5
       3
       2
       7
       5
       5
       1
       2
       3
       2
       4
       4
       5
       4
       2
       7
       5
       5
       1
       3
       4
       4
       5
       5
       4
       4
       2
       4
       3
       3
       4
       1
       3
       4
       2
       1
       4
       0
       1
       3
       1
       2
       2
       2
       3
       4
       2
       2
       3
       1
       3
       3
       0
       2
       2
       8
       4
       3
       2
       2
       4
       0
       1
       3
       5
       3
       4
       1
       2
       3
       7
       2
       0
       5
       3
       5
       2
       3
       3
       1
       6
       6
       4
       6
       5
       3
       2
       3
       6
       5
       8
       4
       1
       1
       3
       3
       2
       3
       3
       4
       4
       3
       3
       2
       2
       3
       5
       4
       3
       1
       4
       2
       6
       5
       0
       3
       2
       3
       4
       1
       0
       5
       2
       2
       2
       2
       2
       2
       5
       3
       2
       0
       3
       0
       5
       1
       4
       1
       1
       0
       1
       3
       1
       5
       0
       2
       2
       0
       1
       1
       1
       1
       2
       1
       3
       1
       0
       1
       1
       5
       1
       2
       1
       1
       3
       0
       1
       1
       1
       2
       2
       1
       0
       1
       0
       2
       2
       1
       2
       2
       2
       0
       3
       3
       1
       3
       2
       1
       1
       1
       0
       0
       4
       2
       1
       0
       2
       0
       1
       1
       0
       1
       0
       1
       0
       0
       1
       2
       1
       1
       2
       5
       1
       0
       1
       0
       1
       1
       2
       1
       2
       1
       0
       1
       2
       0
       1
       3
       2
       0
       0
       1
       1
       1
       0
       0
       1
       2
       0
       2
       0
       1
       1
       1
       0
       1
       0
       1
       1
       2
       0
       1
       1
       2
       0
       0
       0
       3
       0
       0
       1
       2
       1
       2
       0
       0
       1
       1
       0
       1
       1
       0
       0
       0
       0
       0
       0
       0
       0
       0
       0
       1
       1
       0
       1
       1
       1
       2
       1
       0
       1
       0
       0
       1
       1
       0
       1
       0
       0
       0
       1
       1
       1
       0
       0
       0
       0
       2
       1
       0
       0
       2
       1
       0
       1
       1
       0
       2
       0
       2
       0
       0
       0
       0
       1
       0
       1
       0
       0
       0
       2
       1
       0
       0
       1
       1
       1
       0
       0
       1
       0
       0
       1
       0
       0
       0
       1
       0
       1
       0
       0
       1
       0
       0
       1
       1
       0
       0
       0
       1
       0
       0
       1
       0
       0
       0
       0
       0
       0
       0
       0
       0
       1
       1
       0
       0
       0
       0
       0
       0
       0
       1
       0
       1
       0
       1
       0
       0
       0
       0
       0
       2
       0
       0
       0
       0
       0
       0
       0
       0
       1
       0
       1
       0
       1
       1
       0
       0
       0
       0
       0
       0
       1
       1
       0
       1
       0
       0
       1
       0
       0
       0
       0
       0
       0
       0
       1
       0
       0
       0
       1
       1
       0
       0
       0
       0
       0
       0
       0
       1
       1
       0
       0
       0
       0
       0
       0
       2
       1
       1
       0
       0
       0
       0
       0
       0
       0
       1
       0
       0
       0
       0
       0
       0
       0
       1
       0
       1
       0
       1
       1
       2
       1
       0
       0
       0
       0
       0
       1
       1
       0
       1
       0
       1
       2
       0
       0
       1
       0
       0
       0
       0
       1
       1
       0
       0
       1
       0
       0
       0
       0
       0
       0
       0
       0
       1
       0
       0
       0
       0
       0
       1
       0
       0
       0
       1
       0
       0
       0
       0
       1
       1
       0
       0
       0
       0
       0
       0
$ROI:
0
$PRESETS:
Real Time
3000
0
$ENER_FIT:
6.671595 2.068362
$MCA_CAL:
3
6.671595E+000 2.068362E+000 0.000000E+000 keV
$SHAPE_CAL:
3
0.000000E+000 0.000000E+000 0.000000E+000
