$SPEC_ID:
No sample description was entered.
$SPEC_REM:
DET# 1
DETDESC# SPACESCIENCE4 digiBASE-RH SN 15121435
AP# Maestro Version 7.01
$DATE_MEA:
09/29/2023 15:53:31
$MEAS_TIM:
331 332
$DATA:
0 1023
       0
       0
       0
       0
       0
       0
       0
       0
       0
       0
      23
    2769
    8499
    9870
    9823
    8804
    7191
    5338
    4077
    3494
    3678
    4733
    6377
    8717
   11760
   14776
   17292
   19180
   19648
   18810
   16747
   13668
   10465
    7420
    5053
    3093
    1967
    1196
     725
     484
     378
     300
     305
     298
     287
     304
     270
     277
     277
     275
     269
     245
     251
     276
     245
     270
     224
     237
     241
     250
     214
     205
     197
     217
     199
     199
     199
     178
     187
     154
     154
     171
     151
     152
     163
     162
     124
     138
     142
     120
     149
     138
     135
     154
     140
     103
     135
      99
     118
     121
     117
     123
     130
     119
      92
     117
      92
     100
     118
     104
     101
      88
      95
      82
      76
      91
      90
      78
      76
      79
      63
      82
      77
      67
      70
      70
      69
      79
      56
      65
      46
      65
      47
      64
      52
      50
      61
      44
      66
      51
      44
      44
      54
      54
      49
      47
      59
      47
      54
      46
      48
      53
      36
      43
      51
      41
      42
      37
      33
      38
      38
      43
      36
      32
      39
      31
      23
      35
      29
      38
      34
      19
      28
      29
      34
      20
      40
      29
      26
      27
      24
      34
      22
      20
      15
      23
      22
      34
      32
      19
      20
      25
      22
      25
      21
      25
      25
      18
      21
      21
      17
      22
      13
      17
      13
      14
      18
      17
      20
      20
      22
      21
      22
      17
      18
      16
      16
      21
      11
      20
      23
      18
      15
      17
       9
      18
      15
      18
      18
      13
       9
      18
      14
      13
      11
      16
      12
      17
      20
      13
      13
      12
      25
      14
      14
      17
      17
      10
      13
      11
       8
       8
      16
      16
      12
      17
      12
       6
      17
      14
      13
      11
       9
       4
      14
       9
      14
      13
       8
      11
       8
       5
       9
      13
      10
      14
      15
      11
       5
       7
       6
      15
      10
      13
       9
      11
      11
      14
       5
      12
      14
      10
      12
      10
       8
       8
      12
      11
       6
      10
       5
       6
      12
       8
       9
       2
       6
       8
       8
      12
       7
       6
       8
       9
       2
       4
      16
       9
       7
       9
       1
       6
      10
       7
       8
       7
       7
       4
       9
      10
       7
       5
       8
       6
      10
       4
      11
       5
      12
      10
      10
       4
       6
       4
       5
       8
      10
       5
       3
       6
      10
       7
       8
       4
       6
       6
       7
       4
       7
       3
       8
       3
       3
       7
       9
       7
       9
       2
       3
       8
       7
       3
       3
       7
      12
       4
       7
       8
       4
       6
       3
       5
       5
       4
       3
       8
       4
       6
       4
      10
       8
       7
       6
       1
       3
       2
       6
       4
       5
       3
       3
       1
       5
       3
       3
       9
      11
       5
       6
       7
       9
       4
       5
       6
       6
       8
       8
       3
       4
       4
       4
       6
       3
       4
       4
       9
       4
       4
       8
       0
       6
       5
       4
       4
       4
       3
       5
       3
       7
       6
       5
       5
       4
       3
       4
       5
       5
       2
       7
       4
       8
       2
       4
       9
       2
       3
       1
       5
       5
       3
       4
       6
       6
       4
      10
       3
       4
       3
       5
       2
       7
       5
       2
       3
       6
       8
      10
       3
       7
       1
       4
       2
       2
       3
       4
       4
       5
       3
       1
       3
       6
       3
       2
       1
       2
       2
       3
       4
       5
       8
       6
       2
       2
       5
       7
       2
       4
       3
       4
       4
       7
       2
       2
       3
       2
       4
       3
       1
       2
       2
       3
       1
       1
       4
       1
       2
       7
       2
       2
       3
       1
       3
       2
       2
       4
       5
       2
       2
       3
       2
       1
       1
       6
       5
       2
       2
       5
       3
       0
       1
       1
       5
       8
       2
       4
       1
       4
       2
       3
       0
       2
       2
       3
       3
       0
       6
       3
       3
       1
       0
       1
       6
       2
       2
       4
       4
       3
       3
       4
       2
       5
       4
       6
       3
       3
       3
       4
       0
       7
       4
       3
       2
       5
       7
       4
       3
       3
       1
       6
       3
       3
       1
       3
       1
       4
       3
       1
       5
       2
       1
       3
       2
       2
       1
       3
       4
       3
       3
       3
       1
       2
       6
       2
       2
       5
       1
       4
       5
       4
       6
       1
       3
       4
       2
       1
       1
       1
       2
       2
       3
       3
       1
       2
       0
       1
       3
       1
       2
       1
       0
       2
       2
       1
       2
       3
       0
       2
       1
       1
       2
       1
       2
       0
       0
       3
       1
       0
       3
       1
       0
       2
       3
       2
       1
       1
       2
       1
       1
       2
       3
       1
       2
       0
       1
       2
       0
       0
       0
       1
       3
       1
       2
       1
       1
       2
       2
       1
       2
       0
       1
       3
       3
       0
       1
       1
       1
       0
       2
       1
       0
       1
       0
       1
       0
       0
       2
       1
       0
       0
       2
       2
       1
       1
       2
       1
       1
       2
       2
       1
       2
       1
       0
       2
       1
       1
       1
       1
       0
       1
       0
       1
       0
       2
       0
       1
       0
       1
       0
       1
       1
       0
       0
       2
       1
       1
       1
       1
       1
       2
       2
       0
       1
       1
       0
       1
       0
       0
       2
       1
       0
       2
       1
       0
       0
       0
       2
       0
       0
       0
       1
       1
       0
       0
       1
       1
       0
       0
       0
       0
       2
       1
       1
       1
       0
       0
       0
       0
       1
       0
       1
       0
       1
       0
       0
       0
       0
       0
       1
       0
       0
       0
       1
       1
       2
       0
       0
       0
       1
       1
       0
       1
       1
       2
       0
       0
       0
       0
       0
       1
       1
       0
       1
       1
       0
       0
       0
       0
       1
       1
       1
       0
       0
       0
       1
       0
       0
       0
       1
       1
       1
       0
       0
       0
       0
       0
       0
       0
       1
       0
       1
       0
       0
       0
       1
       0
       1
       1
       1
       1
       0
       0
       1
       0
       0
       1
       0
       1
       0
       0
       0
       1
       0
       0
       0
       2
       0
       1
       0
       1
       1
       0
       1
       0
       0
       1
       0
       1
       0
       1
       1
       1
       0
       1
       0
       1
       1
       1
       0
       0
       1
       1
       0
       0
       0
       0
       1
       0
       0
       1
       0
       0
       0
       0
       0
       0
       0
       0
       1
       0
       1
       0
       0
       1
       0
       0
       0
       0
       0
       0
       0
       0
       0
       1
       0
       0
       0
       1
       1
       1
       0
       0
       0
       0
       0
       2
       0
       0
       0
       0
       1
       1
       1
       0
       0
       1
       0
       0
       1
       2
       0
       0
       0
       1
       0
       0
       1
       0
       0
       0
       0
       1
       0
       1
       0
       0
       0
       1
       0
       1
       0
       0
       0
       0
       1
       0
       0
       1
       0
       0
       0
       1
       1
       0
       0
       0
       1
       2
       0
       0
       0
       0
       0
       0
       0
       0
       0
       0
       0
       1
       0
       1
       0
       1
       0
       1
       1
       0
       0
       0
       0
       0
       0
       0
       0
$ROI:
0
$PRESETS:
Real Time
3000
0
$ENER_FIT:
6.671595 2.068362
$MCA_CAL:
3
6.671595E+000 2.068362E+000 0.000000E+000 keV
$SHAPE_CAL:
3
0.000000E+000 0.000000E+000 0.000000E+000
