$SPEC_ID:
No sample description was entered.
$SPEC_REM:
DET# 1
DETDESC# SPACESCIENCE4 digiBASE-RH SN 15121435
AP# Maestro Version 7.01
$DATE_MEA:
10/02/2023 17:30:04
$MEAS_TIM:
330 330
$DATA:
0 1023
       0
       0
       0
       0
       0
       0
       0
       0
       0
       0
       0
      29
     119
     117
     142
     134
     110
      97
     114
      86
      73
      83
      91
     114
     120
     113
     152
     141
     155
     172
     189
     189
     207
     213
     202
     240
     216
     239
     240
     250
     240
     260
     293
     246
     254
     271
     242
     251
     269
     239
     276
     253
     249
     242
     263
     244
     220
     223
     219
     211
     227
     226
     227
     190
     218
     202
     205
     214
     198
     176
     181
     160
     169
     152
     157
     164
     146
     155
     156
     123
     159
     155
     154
     138
     117
     110
     140
     126
     127
     134
     138
     132
     113
     112
     141
     141
     108
     111
     107
     116
     111
     120
     108
     100
     102
     105
     103
      89
      92
      87
      94
      85
      85
      74
      81
      72
      61
      68
      82
      67
      65
      66
      86
      69
      70
      63
      69
      74
      63
      63
      69
      59
      61
      56
      53
      65
      55
      60
      49
      51
      52
      51
      48
      60
      46
      41
      47
      37
      41
      46
      46
      30
      37
      43
      36
      42
      41
      43
      53
      47
      34
      30
      47
      44
      45
      36
      26
      31
      42
      29
      41
      24
      36
      36
      29
      26
      36
      27
      28
      27
      29
      29
      27
      27
      27
      25
      34
      26
      28
      37
      20
      24
      30
      25
      29
      31
      26
      22
      23
      36
      22
      16
      17
      23
      28
      25
      25
      21
      18
      24
      18
      24
      28
      22
      32
      17
      18
      21
      20
      23
      14
      22
      27
      30
      25
      27
      21
      28
      21
      26
      21
      15
      24
      10
      27
      24
      15
      11
      18
      27
      24
      17
      18
      16
      14
      28
      20
      27
      15
      23
      15
      23
      22
      21
      16
      21
      19
      18
      21
      15
      21
      25
      15
      17
      21
      10
      19
      25
      22
      15
      19
      24
      15
      16
      17
      16
      16
      19
       9
      17
      23
      19
      12
       8
      15
      11
      25
      13
      21
      13
      19
      17
      12
      16
      17
      23
       7
      15
      14
      15
      14
      15
      13
       8
      14
      16
      12
       8
      18
      22
      19
       9
      12
      17
      19
      16
       8
      10
      10
      16
      15
      18
       6
      11
      12
      12
      12
      13
       9
      15
      19
      10
       9
      14
      12
      12
      11
      18
       9
      10
      19
      12
       8
       9
       7
      11
      12
       9
      11
      10
      11
      10
      21
      10
      11
       7
      13
      16
      10
      16
       6
      15
       4
      14
      11
       9
      12
      15
      14
      12
      13
      16
      14
      20
      19
      12
      11
       7
       9
      14
      13
      12
      12
      11
       6
      15
       7
      12
      12
      11
      10
       9
       6
      10
      12
      10
      14
      12
       6
      13
       6
       7
       8
      13
       5
      12
       9
       8
       4
       9
      10
      10
       7
       7
       8
       4
      12
       5
       3
       6
      11
      11
      11
       8
      10
      10
       7
       7
       7
      13
       6
       9
       8
       8
      11
      13
       4
       6
       7
      11
      12
      11
       6
      13
      12
      10
       8
       7
       8
       7
       5
      12
      13
       6
      15
      10
       5
      10
      11
      11
      16
      11
       8
       5
       5
      13
      12
      10
       9
      10
      13
       7
      14
      12
      11
      11
      10
      13
       9
      15
      11
      11
       8
      14
       8
       9
      16
      11
       8
      18
       9
       7
       5
       9
       7
       9
      12
       7
       7
       9
       6
       6
       8
       7
       8
       8
      12
      11
       9
       9
      13
       9
      14
       5
       6
       6
       6
       7
       7
       6
       6
       5
       2
       7
       7
       8
       6
       7
      10
      11
       8
       7
      12
       7
       7
       2
       8
       7
       5
      10
       5
       7
      10
       5
       6
       7
      14
       6
       3
       8
       6
       6
       3
       4
       6
       3
       8
       6
       8
       8
       4
       9
       4
       8
       3
       2
       8
       6
       1
       8
       2
       7
       7
       3
       5
       3
       5
       5
       2
       5
       4
       4
       4
       4
       4
       6
       6
       1
       7
       2
       9
       4
       3
       5
       7
       9
       5
       2
       4
       3
      10
       7
       5
       6
       1
       3
       8
       2
       2
       4
       5
       3
       5
       2
       2
       2
       5
       1
       2
       1
       1
       4
       1
       0
       3
       1
       3
       2
       1
       2
       2
       5
       0
       4
       1
       3
       3
       2
       1
       2
       5
       2
       3
       2
       2
       5
       1
       3
       0
       2
       1
       3
       3
       2
       2
       2
       3
       2
       1
       1
       1
       0
       2
       2
       1
       0
       2
       1
       3
       2
       0
       2
       2
       0
       4
       1
       0
       0
       4
       1
       3
       0
       1
       0
       0
       1
       0
       1
       0
       0
       5
       2
       4
       0
       0
       3
       3
       1
       0
       2
       1
       1
       0
       0
       0
       3
       3
       0
       0
       0
       1
       2
       2
       0
       1
       0
       1
       2
       0
       1
       3
       1
       1
       0
       0
       4
       1
       0
       1
       0
       0
       0
       0
       2
       1
       0
       2
       1
       1
       0
       0
       1
       0
       1
       1
       1
       0
       1
       2
       0
       0
       0
       1
       0
       2
       1
       0
       2
       1
       0
       0
       0
       2
       1
       2
       0
       1
       1
       0
       1
       1
       1
       0
       0
       1
       0
       0
       0
       0
       0
       0
       0
       1
       0
       2
       0
       2
       1
       1
       0
       0
       1
       2
       1
       0
       1
       1
       0
       1
       1
       2
       0
       0
       0
       0
       0
       1
       0
       1
       0
       2
       1
       0
       0
       1
       0
       1
       0
       0
       1
       0
       0
       0
       0
       0
       0
       2
       0
       0
       0
       0
       0
       0
       1
       1
       0
       0
       0
       1
       0
       1
       0
       0
       0
       1
       1
       0
       1
       0
       1
       1
       0
       0
       1
       1
       0
       0
       1
       0
       0
       0
       0
       0
       0
       1
       0
       0
       1
       0
       0
       0
       1
       1
       1
       1
       0
       0
       0
       0
       1
       0
       1
       0
       0
       1
       0
       0
       1
       1
       1
       0
       0
       1
       1
       0
       0
       0
       0
       0
       2
       0
       0
       1
       0
       1
       0
       1
       0
       0
       0
       0
       0
       0
       0
       0
       0
       1
       0
       0
       0
       0
       0
       1
       0
       0
       0
       0
       1
       0
       1
       0
       0
       1
       0
       0
       1
       1
       0
       1
       1
       0
       0
       0
       1
       0
       2
       0
       0
       0
       0
       0
       0
       0
       0
       0
       0
       0
       0
       0
       0
       0
       1
       0
       0
       0
       0
       0
       0
       0
       0
       0
       0
       0
       0
       0
       0
       1
       0
       0
       0
       0
       0
       0
       0
       0
       0
       2
       0
       0
       0
       1
       0
       0
       0
       0
       0
       0
       0
       1
       0
       0
       0
       0
       0
       0
       0
       1
       2
       0
       0
       0
       0
       0
       0
       0
       0
       1
       0
       0
       0
       1
       1
       0
       0
$ROI:
0
$PRESETS:
Live Time
600
0
$ENER_FIT:
6.671595 2.068362
$MCA_CAL:
3
6.671595E+000 2.068362E+000 0.000000E+000 keV
$SHAPE_CAL:
3
0.000000E+000 0.000000E+000 0.000000E+000
