$SPEC_ID:
No sample description was entered.
$SPEC_REM:
DET# 1
DETDESC# SPACESCIENCE4 digiBASE-RH SN 15121435
AP# Maestro Version 7.01
$DATE_MEA:
09/29/2023 16:09:32
$MEAS_TIM:
331 332
$DATA:
0 1023
       0
       0
       0
       0
       0
       0
       0
       0
       0
       0
       7
     539
    1565
    2156
    2546
    2678
    2555
    2196
    1773
    1291
    1033
     847
     728
     716
     663
     731
     679
     671
     786
     754
     745
     876
     838
     897
     833
     899
     980
     953
     948
     965
     948
    1002
     972
    1003
    1010
     983
    1038
    1035
    1079
    1019
    1042
    1049
    1016
    1009
    1095
    1093
    1136
    1073
    1095
    1116
    1121
    1148
    1082
    1126
    1128
    1165
    1129
    1128
    1061
    1177
    1177
    1177
    1186
    1168
    1149
    1179
    1241
    1235
    1206
    1229
    1259
    1279
    1303
    1249
    1313
    1313
    1275
    1255
    1287
    1168
    1236
    1199
    1271
    1223
    1195
    1172
    1128
    1143
    1076
    1123
    1184
    1114
    1125
    1110
    1076
    1055
    1004
    1048
    1054
    1039
     953
    1030
    1006
     972
     969
     949
     876
     955
     937
     879
     871
     911
     930
     849
     815
     907
     819
     803
     815
     784
     788
     781
     760
     812
     757
     759
     727
     730
     716
     749
     698
     705
     711
     721
     633
     686
     667
     661
     677
     640
     633
     608
     618
     659
     672
     680
     692
     679
     674
     648
     648
     626
     656
     624
     582
     614
     624
     595
     589
     647
     616
     589
     607
     638
     602
     606
     613
     611
     644
     609
     566
     586
     607
     566
     540
     538
     519
     492
     508
     509
     494
     487
     449
     450
     427
     421
     379
     332
     378
     353
     341
     319
     323
     304
     308
     262
     242
     259
     244
     219
     231
     211
     224
     201
     204
     154
     194
     172
     175
     148
     176
     182
     167
     157
     133
     162
     153
     153
     163
     164
     140
     164
     160
     193
     181
     187
     190
     214
     228
     224
     235
     268
     249
     317
     303
     349
     376
     400
     411
     409
     490
     574
     568
     642
     716
     714
     756
     867
     874
     922
     968
    1188
    1137
    1214
    1221
    1261
    1367
    1407
    1443
    1472
    1522
    1603
    1431
    1541
    1516
    1607
    1538
    1538
    1586
    1470
    1572
    1459
    1396
    1396
    1255
    1227
    1213
    1173
    1070
    1090
     996
     916
     830
     795
     803
     746
     701
     644
     590
     565
     538
     487
     458
     471
     401
     385
     389
     359
     335
     294
     301
     301
     255
     259
     253
     234
     211
     209
     232
     227
     197
     160
     166
     171
     144
     138
     144
     134
     137
     117
     122
     105
     125
     132
     112
     111
     113
      97
      78
      72
      81
      81
      69
      78
      63
      76
      62
      63
      52
      45
      45
      59
      43
      39
      37
      51
      36
      31
      28
      38
      18
      21
      33
      27
      23
      10
      15
      23
      12
      15
       9
      14
      14
       7
      12
      14
      15
       7
       9
      14
      11
       8
       5
       6
       7
       8
       6
       3
       4
       5
       3
       5
      10
       6
      10
       4
       5
       2
       6
       3
       3
       8
      10
       6
       2
       4
       4
       5
       4
       3
       6
       3
       3
       4
       9
       4
       3
       6
       9
       1
       4
       6
       6
       3
       1
       5
       4
       4
       6
       7
       5
       3
       6
       6
       5
       7
       4
       6
       4
       4
       5
       2
       4
       6
       4
       5
       7
       5
       7
       7
       4
       4
       5
       4
       3
       7
       9
       7
       4
       7
       5
       7
       6
       7
       5
       5
       5
       4
       4
       7
       3
       8
       6
       1
       3
       5
       1
       1
       3
       2
       5
       2
       1
       4
       2
       8
       6
       4
       3
       3
       0
       4
       5
       2
       0
       7
       2
       2
       4
       3
       4
       0
       8
       3
       2
       3
       0
       3
       5
       1
       1
       3
       4
       2
       3
       1
       3
       1
       2
       2
       3
       3
       5
       1
       5
       0
       1
       4
       0
       4
       3
       3
       1
       1
       2
       5
       3
       5
       3
       2
       1
       2
       2
       3
       0
       2
       3
       2
       7
       1
       3
       2
       2
       5
       0
       4
       2
       5
       3
       2
       2
       3
       3
       1
       3
       5
       1
       4
       2
       4
       3
       3
       2
       4
       3
       2
       0
       4
       1
       5
       3
       5
       6
       6
       2
       1
       9
       3
       2
       2
       0
       3
       6
       4
       2
       2
       2
       3
       0
       5
       5
       6
       7
       4
       1
       4
       3
       2
       3
       1
       2
       5
       3
       2
       3
       4
       2
       0
       4
       4
       3
       2
       2
       3
       0
       4
       0
       2
       6
       1
       1
       2
       0
       2
       1
       4
       2
       1
       0
       2
       0
       2
       4
       0
       1
       3
       3
       1
       1
       1
       1
       2
       1
       2
       2
       3
       3
       0
       4
       2
       2
       3
       0
       0
       2
       1
       1
       3
       2
       3
       0
       4
       2
       3
       2
       3
       2
       5
       3
       2
       0
       1
       4
       1
       2
       0
       0
       1
       0
       3
       0
       2
       0
       1
       1
       0
       1
       0
       2
       0
       1
       1
       0
       1
       4
       0
       0
       2
       0
       2
       2
       2
       2
       0
       1
       0
       0
       1
       0
       0
       0
       0
       1
       0
       1
       0
       0
       0
       3
       0
       2
       0
       1
       0
       1
       2
       0
       3
       1
       1
       0
       1
       1
       0
       0
       0
       0
       0
       0
       3
       0
       0
       1
       0
       1
       0
       0
       0
       0
       1
       0
       1
       1
       1
       0
       0
       0
       0
       2
       1
       2
       2
       1
       0
       1
       0
       1
       0
       1
       0
       0
       1
       1
       0
       4
       1
       0
       0
       0
       1
       0
       0
       0
       1
       1
       0
       0
       1
       0
       1
       0
       2
       0
       0
       0
       0
       0
       0
       0
       0
       1
       0
       0
       0
       0
       1
       1
       2
       0
       1
       1
       1
       0
       1
       0
       0
       0
       0
       0
       1
       0
       1
       1
       0
       0
       0
       0
       1
       0
       0
       0
       3
       0
       0
       0
       1
       1
       0
       1
       0
       0
       0
       1
       0
       2
       1
       0
       0
       0
       1
       0
       1
       0
       0
       1
       1
       0
       0
       2
       0
       1
       0
       0
       1
       2
       0
       0
       2
       1
       1
       0
       0
       0
       0
       1
       0
       0
       0
       0
       1
       2
       0
       1
       0
       1
       1
       0
       2
       3
       4
       1
       0
       0
       0
       1
       0
       0
       0
       0
       1
       1
       0
       0
       1
       0
       1
       0
       1
       0
       1
       0
       0
       0
       0
       0
       0
       0
       0
       0
       2
       1
       0
       0
       1
       0
       1
       0
       0
       1
       1
       1
       0
       0
       0
       0
       0
       0
       0
       1
       0
       0
       0
       0
       0
       0
       0
       0
       0
       0
       0
       0
       0
       1
       0
       1
       0
       2
       0
       0
       0
       1
       0
       0
       0
       1
       0
       0
       0
       0
       0
       0
       0
       1
       0
       0
       0
       0
       0
       0
       0
       0
       0
       0
       0
       0
       1
       0
       0
       0
       0
       0
       1
       0
       0
       0
       0
       0
       0
       0
       0
       0
       0
       3
       1
       1
       0
       0
       1
       1
       1
       1
       0
       0
       1
$ROI:
0
$PRESETS:
Real Time
3000
0
$ENER_FIT:
6.671595 2.068362
$MCA_CAL:
3
6.671595E+000 2.068362E+000 0.000000E+000 keV
$SHAPE_CAL:
3
0.000000E+000 0.000000E+000 0.000000E+000
